---------------kmer 2-----------
6 	
14 	
8 	
17 	
8 	
---------------kmer 3-----------
10 	
19 	
23 	
8 	
21 	
---------------kmer 4-----------
17 	
28 	
14 	
19 	
8 	
---------------kmer 6-----------
28 	
22 	
25 	
25 	
21 	
---------------kmer 8-----------
27 	
15 	
31 	
56 	
47 	
---------------kmer 10-----------
20 	
28 	
23 	
32 	
21 	
---------------kmer 15-----------
27 	
33 	
25 	
46 	
23 	
---------------kmer 20-----------
58 	
40 	
20 	
27 	
45 	
---------------kmer 25-----------
35 	
22 	
20 	
77 	
15 	
---------------kmer 2-----------
5 	
17 	
6 	
4 	
27 	
---------------kmer 3-----------
16 	
17 	
9 	
15 	
19 	
---------------kmer 4-----------
27 	
7 	
5 	
18 	
25 	
---------------kmer 6-----------
25 	
26 	
17 	
21 	
20 	
---------------kmer 8-----------
20 	
27 	
12 	
20 	
13 	
---------------kmer 10-----------
28 	
32 	
28 	
19 	
25 	
---------------kmer 15-----------
55 	
15 	
24 	
44 	
16 	
---------------kmer 20-----------
60 	
7 	
16 	
20 	
36 	
---------------kmer 25-----------
12 	
23 	
20 	
23 	
19 	
---------------kmer 30-----------
28 	
11 	
39 	
63 	
16 	
---------------kmer 40-----------
23 	
56 	
13 	
20 	
76 	
---------------kmer 50-----------
24 	
20 	
24 
20 
17	

6 	
4 	
8 	
2 	
11 	
2 	
6102 	
58249 	
---------------kmer 2-----------
336 	
995 	
1616 	
2269 	
3204 	
---------------kmer 3-----------
362 	
1063 	
1737 	
2420 	
3479 	
---------------kmer 4-----------
451 	
1190 	
1896 	
2749 	
3736 	
---------------kmer 6-----------
1383 	
2238 	
3210 	
4091 	
5405 	
---------------kmer 8-----------
11986 	
16580 	
17616 	
18497 	
20019 	
---------------kmer 10-----------
20214 	
54720 	
85366 	
112029 	
145196 	
---------------kmer 15-----------
31585 	
86614 	
144278 	
202004 	
285254 	
---------------kmer 20-----------
38969 	
110296 	
179579 	
248532 	
350270 	
---------------kmer 25-----------
48830 	
142498 	
233209 	
325116 	
459902 	
---------------kmer 30-----------
56831 	
165633 	
272914 	
386812 	
544553 	
---------------kmer 40-----------
75367 	
226125 	
374109 	
510127 	
723577 	
---------------kmer 50-----------
94337 	
277611 	
460706 	
646109 	
915803 	
