6 	
14 	
8 	
17 	
8 	
10 	
19 	
23 	
8 	
21 	
17 	
28 	
14 	
19 	
8 	
28 	
22 	
25 	
25 	
21 	
27 	
15 	
31 	
56 	
47 	
20 	
28 	
23 	
32 	
21 	
27 	
33 	
25 	
46 	
23 	
58 	
40 	
20 	
27 	
45 	
35 	
22 	
20 	
77 	
15 	
5 	
17 	
6 	
4 	
27 	
16 	
17 	
9 	
15 	
19 	
27 	
7 	
5 	
18 	
25 	
25 	
26 	
17 	
21 	
20 	
20 	
27 	
12 	
20 	
13 	
28 	
32 	
28 	
19 	
25 	
55 	
15 	
24 	
44 	
16 	
60 	
7 	
16 	
20 	
36 	
12 	
23 	
20 	
23 	
19 	
28 	
11 	
39 	
63 	
16 	
23 	
56 	
13 	
20 	
76 	
24 	
20 	
24 	
20 	
17 	
7 	
11 	
6 	
6 	
4 	
8 	
2 	
11 	
2 	
6102 	
58249 	
336 	
995 	
1616 	
2269 	
3204 	
362 	
1063 	
1737 	
2420 	
3479 	
451 	
1190 	
1896 	
2749 	
3736 	
1383 	
2238 	
3210 	
4091 	
5405 	
11986 	
16580 	
17616 	
18497 	
20019 	
20214 	
54720 	
85366 	
112029 	
145196 	
31585 	
86614 	
144278 	
202004 	
285254 	
38969 	
110296 	
179579 	
248532 	
350270 	
48830 	
142498 	
233209 	
325116 	
459902 	
56831 	
165633 	
272914 	
386812 	
544553 	
75367 	
226125 	
374109 	
510127 	
723577 	
94337 	
277611 	
460706 	
646109 	
915803 	
